================ Loss (Mon Dec 30 15:45:22 2024) ================
best_epoch: 0
train_losses: [0.13657329976558685, 0.12861932814121246]
val_losses: [0.27387222051620486, 0.27741283774375913]
train_time: 0.013973986506462097================ Loss (Mon Dec 30 15:49:23 2024) ================
best_epoch: 0
train_losses: [0.13275235891342163, 0.12482612282037735]
val_losses: [0.13338397443294525, 0.1372199296951294]
train_time: 0.011575624412960476================ Loss (Mon Dec 30 23:04:23 2024) ================
best_epoch: 19
train_losses: [0.1327508807182312, 0.12409458011388778, 0.12051560059189796, 0.11808097437024116, 0.11612821891903877, 0.11454555690288544, 0.113191419839859, 0.11203873232007026, 0.11104295030236244, 0.11019715368747711, 0.10950308218598366, 0.10889967828989029, 0.10829105973243713, 0.10778842344880105, 0.10743964836001396, 0.10715740621089935, 0.10692594349384307, 0.1067273274064064, 0.10659579187631607, 0.10651074424386024]
val_losses: [0.1333857148885727, 0.13589112758636473, 0.1339750349521637, 0.13236004114151, 0.13123803436756135, 0.13033792078495027, 0.12961287796497345, 0.12899384796619415, 0.1284828543663025, 0.12808481454849244, 0.12787098586559295, 0.1276552513241768, 0.12730973958969116, 0.12716759294271468, 0.12714921683073044, 0.1270148351788521, 0.12685760855674744, 0.12679307013750077, 0.1267748862504959, 0.12673356831073762]
train_time: 0.054417941172917685================ Loss (Mon Dec 30 23:37:55 2024) ================
best_epoch: 19
train_losses: [0.13166850805282593, 0.1234377607703209, 0.12084453329443931, 0.1190916933119297, 0.11780919432640076, 0.11675601527094841, 0.11587556377053261, 0.11510193198919297, 0.11440873146057129, 0.11378440782427787, 0.11321601718664169, 0.11268266886472703, 0.11207889541983604, 0.11149721071124077, 0.11106089279055595, 0.11075009480118751, 0.11052177175879478, 0.11026220843195915, 0.11007734090089798, 0.10999382883310319]
val_losses: [0.13565751910209656, 0.1408507704734802, 0.13952822089195252, 0.13868728280067444, 0.1381392478942871, 0.13766010105609894, 0.13729394376277923, 0.13699479699134826, 0.1367301493883133, 0.1364792674779892, 0.136219385266304, 0.1359247386455536, 0.13552796244621276, 0.13528902232646942, 0.13515628576278688, 0.1351178228855133, 0.13490121364593505, 0.13483240604400634, 0.13479389548301696, 0.13476174771785737]
train_time: 0.05508956538306342================ Loss (Mon Dec 30 23:46:49 2024) ================
best_epoch: 0
train_losses: [0.12254776582121849, 0.11234207898378372, 0.1093301810324192, 0.10797203853726386, 0.1071906641125679, 0.10659371539950371, 0.10608556196093559, 0.10563200116157531, 0.10523971915245056, 0.10488666594028473, 0.10448359102010726, 0.10418730527162552, 0.10395090728998184, 0.10373894274234771, 0.10358344465494156, 0.10342271775007247, 0.10331904739141465, 0.10327976644039154, 0.10327860787510872, 0.10325213596224785]
val_losses: [0.1299688071012497, 0.1358992040157318, 0.13563014268875123, 0.13522436022758483, 0.13466711342334747, 0.13402204513549804, 0.13371652364730835, 0.13332514464855194, 0.1331619530916214, 0.13287815749645232, 0.13264570534229278, 0.13236676156520844, 0.13234461843967438, 0.132315993309021, 0.13237301409244537, 0.132367080450058, 0.1322973072528839, 0.13227198719978334, 0.13239257633686066, 0.13227859139442444]
train_time: 0.05127587987316979================ Loss (Tue Dec 31 00:16:05 2024) ================
best_epoch: 0
train_losses: [0.08665093034505844, 0.0692029669880867, 0.06797647215425968, 0.06447039879858493, 0.06235228516161442, 0.060405826568603514, 0.05902404896914959, 0.058452049270272255, 0.05704709254205227, 0.05616057962179184, 0.055234501138329506, 0.05428243912756443, 0.053610699251294136, 0.05333069935441017, 0.05323575586080551, 0.0524805311113596, 0.05206840075552464, 0.05185393504798412, 0.051198605448007584, 0.05080310255289078]
val_losses: [0.18147521913051606, 0.22110707461833953, 0.216748908162117, 0.2183390736579895, 0.2160257488489151, 0.21614701449871063, 0.21590180695056915, 0.21570205092430114, 0.21508858799934388, 0.21520199179649352, 0.21539111137390138, 0.21552767157554625, 0.2164304494857788, 0.21714046597480774, 0.21666916310787201, 0.2155060052871704, 0.21531080901622773, 0.21688342988491058, 0.21655737161636351, 0.2171108216047287]
train_time: 0.04349490291542477================ Loss (Tue Dec 31 00:58:02 2024) ================
best_epoch: 18
train_losses: [0.08754700132542187, 0.06859276112582949, 0.06647308501932356, 0.06573355736003982, 0.06214225333597925, 0.060072191059589386, 0.05863764799303479, 0.057616107993655734, 0.0565791672302617, 0.05584449859129058, 0.05500204819771978, 0.05457969423797396, 0.053857792582776814, 0.05411364593439632, 0.05354858024252786, 0.05261611814300219, 0.05182056294547187, 0.051440220326185226, 0.05100990583499273, 0.05078704158465067]
val_losses: [0.19696493446826935, 0.18763133138418198, 0.1871788501739502, 0.18846888095140457, 0.18761932849884033, 0.18675268441438675, 0.1861882209777832, 0.18693439662456512, 0.18404946476221085, 0.18588712066411972, 0.18322740495204926, 0.1888761669397354, 0.18387683480978012, 0.18951687216758728, 0.18211890757083893, 0.18139291554689407, 0.18084818869829178, 0.18239863216876984, 0.1806844174861908, 0.1812547668814659]
train_time: 0.03772497428788079================ Loss (Wed Jan  1 14:17:05 2025) ================
best_epoch: 0
train_losses: [0.08951212465763092, 0.07030869908630848, 0.07031121626496314, 0.06768105886876583, 0.06454887390136718, 0.06312269680202007, 0.06163151897490025, 0.06001303531229496, 0.05860635004937649, 0.05777145959436893, 0.057011724635958674, 0.056625747680664064, 0.055962583422660826, 0.05502173006534576, 0.054435045644640925, 0.05398580655455589, 0.05356880314648151, 0.05299108698964119, 0.05261636264622212, 0.05237635746598244]
val_losses: [0.17165783047676086, 0.21794494092464448, 0.2196359872817993, 0.21707278192043306, 0.21660822331905366, 0.2175995260477066, 0.2165043830871582, 0.21597185730934143, 0.2154732197523117, 0.21622665822505951, 0.21722009181976318, 0.2176652133464813, 0.2159607768058777, 0.21629733741283416, 0.21645212471485137, 0.21672431230545045, 0.21645289063453674, 0.21654699444770814, 0.21667557060718537, 0.2166680723428726]
train_time: 0.04472960048251682